19	68	1.882960298802
19	35	2.0
19	22519	1.234580281884576
19	25366	0.06969233110134138
19	42	2.0
19	18397	2.0
19	25253	1.5400862916103102
19	20676	1.8087641500176088
19	25100	1.324564081967967
19	45	1.98
19	621	1.7727697434322585
19	7814	1.555642718798293
19	5845	1.449960671915707
19	2146	1.162332828236219
19	20667	1.940598
19	1293	1.8641306958139798
19	59	1.92119202
19	17382	0.019060096465665047
19	3583	1.7906765085174328
19	390	0.00896942678407583
19	20624	1.555642718798293
19	61	1.92119202
35	68	2.6527524565889693
35	4750	0.17393311819649376
35	51589	7.115954702602982
35	55956	0.756911418987759
35	35922	0.28176882580853535
35	4529	1.2825070670322192
35	32175	0.2002117485229791
35	60745	2.0
35	21065	0.6488910597268513
35	4629	2.0
35	17148	2.0
35	19	2.0
35	4631	2.0
35	11403	3.0438220135192604
35	4638	1.4943441886631925
35	2178	0.21697415301542933
35	1588	0.2548266753575176
35	4632	2.0
35	4633	1.652337247671173
35	2720	1.4794007467765604
35	14490	0.6109180518566092
35	51736	1.2470507897824
35	56944	0.2126563673704223
35	4640	2.5668806390775627
35	25488	0.1962275347273718
35	4655	1.1740951354297224
35	42	3.6690275229001745
35	18559	2.0
35	5936	0.517453634014094
35	45	3.6158138751944615
35	51577	1.5240684147549832
35	5874	0.21697415301542933
35	51576	1.7947344245690473
35	4660	1.2791208165500743E-5
35	51578	1.5449788000511444
35	5329	1.7998054754086619
35	5101	0.6488910597268513
35	14121	1.0097717775741393
35	24503	6.0
35	4657	2.1571554753436717E-5
35	59	6.933885599753856
35	51568	1.5374629679584813
35	22932	0.20427685799712184
35	15008	1.1329490725858444
35	61	3.068408380904775
35	51575	1.5399077492115298
42	68	2.805404233638191
42	35	3.6690275229001745
42	8976	0.05103592890458225
42	3252	1.8087641500176088
42	11350	1.8087641500176088
42	28719	1.4354610651965498
42	4804	1.3113184411482872
42	45	3.9602000000000004
42	9938	1.92119202
42	11493	1.8087641500176088
42	3203	1.5400862916103102
42	19	2.0
42	11371	1.98
42	11334	1.555642718798293
42	11403	1.8087641500176088
42	59	3.3194961717381557
42	8095	1.4211064545445842
42	23354	1.365109190020774
42	20690	1.5400862916103102
42	11407	1.7906765085174328
42	20624	0.408686923492479
42	61	3.292056098120566
45	5824	1.4211064545445842
45	68	4.8431533829713
45	9150	0.5098195213926185
45	13001	1.8270344949672817
45	3050	0.4473773479572948
45	3463	1.8641306958139798
45	9145	0.6109180518566092
45	3054	1.6358138751944615
45	2436	1.8641306958139798
45	2048	0.9224439348361909
45	19	1.98
45	564	1.9019800997999998
45	13360	1.882960298802
45	6090	1.555642718798293
45	24132	1.524685428694207
45	11248	2.0
45	4638	1.555642718798293
45	5952	1.555642718798293
45	2178	2.0
45	4633	0.4254514064580374
45	2002	1.162332828236219
45	35	3.6158138751944615
45	1253	0.635978127638287
45	7856	0.563721391080927
45	42	3.9602000000000004
45	28864	2.0
45	1192	1.8087641500176088
45	3870	0.11871884904950157
45	1631	1.98
45	14121	2.0
45	5388	1.652337247671173
45	59	5.381306454544584
45	24098	1.150709499953857
45	900	1.8641306958139798
45	7850	1.669027522900175
45	9156	0.4254514064580374
45	61	5.353026436099147
59	5824	1.4211064545445842
59	68	7.21933553713936
59	51589	3.8425780998
59	30010	1.702915542189751
59	55956	0.23513996268485532
59	11903	1.4943441886631925
59	4529	0.4750542190718111
59	3294	1.4943441886631925
59	742	1.7374916255379564
59	19	1.92119202
59	11403	0.9224439348361909
59	6090	1.555642718798293
59	4638	1.555642718798293
59	5952	1.555642718798293
59	2178	2.0
59	2994	1.702915542189751
59	3275	1.8270344949672817
59	35	6.933885599753856
59	10734	1.8270344949672817
59	24750	1.652337247671173
59	56944	0.20223408941715063
59	6302	0.22137960719868313
59	30098	1.5094385744072651
59	42	3.3194961717381557
59	28864	2.0
59	9657	1.8087641500176088
59	5936	0.25227840860394235
59	42965	1.4943441886631925
59	45	5.381306454544584
59	39473	1.8454893888558401
59	51577	0.4750542190718111
59	51576	0.4750542190718111
59	6349	1.3113184411482872
59	51578	0.23513996268485532
59	5329	0.48239803095757927
59	24503	3.8425780998
59	1631	1.98
59	14121	3.509438574407265
59	51568	0.4750542190718111
59	5927	1.92119202
59	51575	0.4750542190718111
59	61	7.9602
61	68	7.246501210020774
61	5824	1.4211064545445842
61	35	3.068408380904775
61	30010	1.702915542189751
61	11903	1.4943441886631925
61	42	3.292056098120566
61	3294	1.4943441886631925
61	28864	2.0
61	42965	1.4943441886631925
61	39473	1.8454893888558401
61	45	5.353026436099147
61	19	1.92119202
61	14121	2.0
61	1631	1.98
61	59	7.9602
61	6090	1.555642718798293
61	4638	1.555642718798293
61	2178	2.0
61	5952	1.555642718798293
61	2994	1.702915542189751
61	3275	1.8270344949672817
68	5824	1.4211064545445842
68	17203	0.02602759628794314
68	30010	1.6194557364425168
68	11903	1.4211064545445842
68	28843	1.6858863867678535
68	4529	2.0
68	3293	1.3113184411482872
68	3294	1.4211064545445842
68	6042	1.7550420459979357
68	24467	2.0
68	19	1.882960298802
68	28857	0.027645401025717574
68	28858	0.027645401025717574
68	6090	1.555642718798293
68	4638	1.555642718798293
68	2178	5.402496137695864
68	5952	1.555642718798293
68	2994	1.6194557364425168
68	3275	2.3012130166188838
68	2720	2.0
68	35	2.6527524565889693
68	1731	1.98
68	235	1.8454893888558401
68	12703	1.882960298802
68	3258	1.234580281884576
68	42	2.805404233638191
68	28864	2.026203844928872
68	42965	1.4211064545445842
68	39473	1.7550420459979357
68	45	4.8431533829713
68	11089	1.6032611790780917
68	6349	1.7374916255379564
68	25311	2.0
68	5874	0.013680013187676272
68	4660	0.01574685366721202
68	5929	1.8641306958139798
68	5101	0.013680013187676272
68	3298	0.026290501300952666
68	14121	2.569415546546391
68	1631	2.0
68	59	7.21933553713936
68	3926	1.702915542189751
68	61	7.246501210020774
68	16561	1.6858863867678535
94	21061	2.0
94	6161	1.392826436099147
94	21060	2.0
94	4750	1.5872285672873108
94	21063	2.0
94	21062	2.0
94	5982	1.4068953899991383
94	21057	2.0
94	21056	2.0
94	21059	2.0
94	21058	2.0
94	21065	2.0
94	4385	1.4354610651965498
94	1631	2.0
94	23317	1.4068953899991383
94	21051	2.0
94	633	1.9602
94	23354	2.0
94	4638	2.0
94	5546	2.0
94	21048	1.0302742348476066
94	21055	2.0
94	2720	2.0
138	17928	1.7727697434322585
138	6808	1.940598
138	19633	1.6194557364425168
138	1263	1.940598
138	6077	1.9019800997999998
138	19613	1.652337247671173
138	11891	1.9019800997999998
138	19615	1.6858863867678535
138	1498	1.669027522900175
138	167	3.8629602988019998
138	10269	1.7727697434322585
138	4806	1.882960298802
138	4837	1.940598
138	807	1.6858863867678535
138	156	3.96
138	19450	1.652337247671173
138	5388	3.59980423839954
138	189	1.9019800997999998
138	1752	1.7906765085174328
138	10858	1.92119202
138	9184	3.59980423839954
138	182	5.7643523188020005
138	1483	3.6586836455379563
138	4784	2.0
156	3827	1.8087641500176088
156	17605	2.0
156	6808	1.6358138751944615
156	7894	1.8454893888558401
156	3520	4.0273451323992875
156	14578	0.8511802467773092
156	19249	1.940598
156	4146	2.0
156	11258	2.0
156	807	1.8641306958139798
156	13360	1.365109190020774
156	12890	1.702915542189751
156	8830	1.8641306958139798
156	17906	1.9602
156	6536	1.940598
156	1400	1.882960298802
156	4041	1.652337247671173
156	5191	1.6858863867678535
156	1399	1.882960298802
156	4920	1.9602
156	17919	1.98
156	4116	1.5872285672873108
156	4657	1.8641306958139798
156	3580	1.98
156	2484	1.8270344949672817
156	8315	0.9699827405483257
156	303	3.527811789430194
156	3459	1.8641306958139798
156	611	1.4211064545445842
156	3457	1.9019800997999998
156	3050	1.882960298802
156	3463	1.8641306958139798
156	3462	1.8641306958139798
156	20270	1.8087641500176088
156	27741	1.6194557364425168
156	612	3.6762340659979356
156	3054	1.882960298802
156	3465	1.8087641500176088
156	8076	1.5094385744072651
156	11485	1.3379435171393605
156	19473	1.449960671915707
156	3471	1.8087641500176088
156	20023	1.9019800997999998
156	1303	5.720116709282577
156	20261	1.4794007467765604
156	2497	1.8087641500176088
156	3468	1.8087641500176088
156	3474	1.7374916255379564
156	2252	1.92119202
156	3475	3.492533671535892
156	6849	3.9402
156	9302	3.8819800998
156	2241	1.9019800997999998
156	3062	1.9019800997999998
156	8981	1.234580281884576
156	10426	1.9602
156	7148	2.0
156	7149	1.98
156	17582	1.940598
156	2293	1.92119202
156	2288	1.8454893888558401
156	16126	1.98
156	12544	1.652337247671173
156	4416	1.8270344949672817
156	5388	1.8454893888558401
156	3513	1.4068953899991383
156	23422	1.4354610651965498
156	3516	2.886296136775699
156	363	1.1165322770957273
156	22957	1.98
156	4750	1.8270344949672817
156	4264	1.98
156	9208	1.5872285672873108
156	138	3.96
156	13001	1.6194557364425168
156	15421	2.0
156	3937	2.0
156	13264	1.98
156	2618	1.7727697434322585
156	6681	1.98
156	11525	1.7550420459979357
156	6682	3.788764150017609
156	13256	1.0097717775741393
156	6661	1.92119202
156	13018	1.4794007467765604
156	12781	1.940598
156	10307	1.0943132847815225
156	8648	1.98
156	12539	1.2982052567368043
156	8651	1.882960298802
156	17491	1.1165322770957273
156	10858	1.940598
156	20204	1.7727697434322585
156	9184	1.8454893888558401
156	1483	1.7550420459979357
156	6665	1.92119202
156	2603	1.6358138751944615
156	5855	1.6858863867678535
156	23464	1.8454893888558401
156	8703	1.5094385744072651
156	3437	3.6540689899345633
156	6951	1.9602
156	6706	1.98
156	8698	1.5400862916103102
156	6707	7.74668140885584
156	3189	0.8950464275276212
156	6714	1.9602
156	167	7.8819800998
156	6715	1.9602
156	22913	1.9019800997999998
156	9161	1.127810380904775
156	3453	2.0
156	8445	1.7550420459979357
156	5328	1.6358138751944615
156	3448	2.0
156	12745	1.9602
156	189	1.7727697434322585
156	6688	1.98
156	1752	3.691724448819609
156	3445	1.8454893888558401
156	6121	1.8087641500176088
156	19961	0.8094639453566475
156	1516	1.6358138751944615
156	1753	2.0
156	16180	1.669027522900175
156	6123	1.7727697434322585
156	3446	1.9019800997999998
156	182	5.693367743432258
156	3440	1.8454893888558401
156	2569	1.882960298802
156	2841	1.8454893888558401
156	3642	2.0
156	10803	1.7906765085174328
156	3089	2.0
156	5560	1.92119202
156	742	1.6032611790780917
156	10269	1.9019800997999998
156	1410	1.882960298802
156	2656	1.524685428694207
156	7208	0.5254251745004566
156	6513	1.7906765085174328
156	19450	1.7201167092825769
156	6997	1.669027522900175
156	212	1.669027522900175
156	4342	1.6194557364425168
156	215	1.669027522900175
156	3075	1.92119202
156	2395	1.8641306958139798
156	17019	2.0
156	3077	1.9602
156	17928	5.654807204331412
156	236	1.4943441886631925
156	235	1.5094385744072651
156	6077	1.652337247671173
156	17920	1.98
156	230	1.524685428694207
156	1947	1.940598
156	7728	1.92119202
156	3603	3.5832611790780917
156	3112	1.6358138751944615
156	1922	1.8641306958139798
156	4850	1.702915542189751
167	10258	1.652337247671173
167	138	3.8629602988019998
167	10261	1.6358138751944615
167	5359	1.98
167	10269	1.5872285672873108
167	10268	1.5872285672873108
167	10309	0.6892243666950352
167	156	7.8819800998
167	10307	0.710321629410146
167	212	1.6858863867678535
167	10858	1.9602
167	9184	1.940598
167	215	1.6858863867678535
167	1483	1.8641306958139798
167	10315	0.6823321230280849
167	10255	1.8270344949672817
167	10252	1.9602
167	10253	1.882960298802
167	17928	1.9019800997999998
167	5402	1.882960298802
167	6951	1.940598
167	236	1.524685428694207
167	10290	1.051192975051124
167	235	1.524685428694207
167	230	1.5400862916103102
167	5388	1.940598
167	189	1.8087641500176088
167	1752	1.9019800997999998
167	182	5.768964150017609
167	7850	0.7469285609085383
182	138	5.7643523188020005
182	11042	1.92119202
182	5359	5.881192019999999
182	19613	1.7727697434322585
182	11891	1.98
182	22018	1.98
182	19615	3.5994406585350416
182	4806	1.98
182	156	5.693367743432258
182	19450	1.7550420459979357
182	212	1.882960298802
182	10858	2.0
182	215	1.882960298802
182	9184	5.686920498402
182	1483	1.8087641500176088
182	5402	1.8454893888558401
182	17928	3.6909787777116803
182	5403	1.8087641500176088
182	236	1.6858863867678535
182	235	1.702915542189751
182	19633	1.7374916255379564
182	6077	1.98
182	230	1.7201167092825769
182	22917	1.9019800997999998
182	167	5.768964150017609
182	5387	1.92119202
182	5388	5.686920498401999
182	189	3.98
182	1752	1.8641306958139798
182	3025	1.92119202
182	8913	1.9019800997999998
182	27006	1.882960298802
189	138	1.9019800997999998
189	10803	1.882960298802
189	10802	1.882960298802
189	19613	1.7550420459979357
189	5359	1.98
189	11891	2.0
189	19615	1.7906765085174328
189	156	1.7727697434322585
189	19450	1.7374916255379564
189	212	1.882960298802
189	10858	2.0
189	215	1.882960298802
189	9184	1.8641306958139798
189	10860	2.0
189	8703	1.940598
189	236	1.6858863867678535
189	8698	1.92119202
189	235	1.702915542189751
189	8704	1.940598
189	19633	1.7201167092825769
189	6077	2.0
189	230	1.7201167092825769
189	167	1.8087641500176088
189	3870	1.8270344949672817
189	1922	1.882960298802
189	1749	1.940598
189	5388	1.882960298802
189	8735	1.9602
189	182	3.98
189	3858	0.8950464275276212
189	8315	1.8270344949672817
212	274	3.7118685285174324
212	17605	1.7201167092825769
212	5982	3.7374916255379564
212	10043	1.6194557364425168
212	6808	1.524685428694207
212	10455	3.6394717253379563
212	281	1.7906765085174328
212	3530	1.7374916255379564
212	10446	2.0
212	256	1.9019800997999998
212	807	1.8454893888558401
212	257	3.8621800997999998
212	4631	1.5400862916103102
212	262	3.82548938885584
212	263	1.8454893888558401
212	266	1.8454893888558401
212	573	1.5872285672873108
212	15533	1.92119202
212	10983	2.0
212	18443	3.8235582988020003
212	6536	1.98
212	17906	1.4794007467765604
212	6299	1.940598
212	1406	1.5094385744072651
212	15504	1.882960298802
212	6000	1.6032611790780917
212	3564	3.92119202
212	4042	1.98
212	5191	1.7374916255379564
212	6290	1.4943441886631925
212	4044	1.7374916255379564
212	17919	1.4794007467765604
212	10478	1.6032611790780917
212	291	1.9602
212	3580	1.98
212	303	2.0
212	31744	1.9602
212	7350	1.8641306958139798
212	4192	1.4354610651965498
212	26621	1.2852232041694363
212	4685	1.9602
212	622	1.4943441886631925
212	28857	1.92119202
212	628	1.8087641500176088
212	17382	0.8772350036198215
212	8223	1.7374916255379564
212	6365	1.8270344949672817
212	10426	1.92119202
212	8976	0.8950464275276212
212	17366	1.7374916255379564
212	589	1.0943132847815225
212	1087	5.376963350875912
212	5929	1.449960671915707
212	5928	2.0
212	24098	1.98
212	16931	1.8270344949672817
212	4750	1.6032611790780917
212	4264	1.6032611790780917
212	7535	4.699302889386736
212	16936	1.7727697434322585
212	10171	2.0
212	2618	1.524685428694207
212	13018	1.392826436099147
212	5004	1.92119202
212	16944	1.8641306958139798
212	156	1.669027522900175
212	2592	1.9602
212	20478	1.0833701519337071
212	30225	1.1165322770957273
212	2603	1.6032611790780917
212	8703	1.9019800997999998
212	6707	1.9602
212	31476	1.8270344949672817
212	2590	1.8641306958139798
212	167	1.6858863867678535
212	6714	1.882960298802
212	9161	1.2100121342750727
212	14244	1.98
212	1746	1.882960298802
212	16915	1.9019800997999998
212	189	1.882960298802
212	2358	1.3113184411482872
212	1752	3.920598
212	11096	1.8087641500176088
212	182	1.882960298802
212	9150	1.2100121342750727
212	16996	4.0
212	5081	1.8087641500176088
212	9145	1.4794007467765604
212	14026	1.882960298802
212	32478	1.5713562816144375
212	21067	1.22223447906573
212	6513	1.7906765085174328
212	1952	1.8454893888558401
212	2115	1.5713562816144375
212	6997	1.702915542189751
212	4342	1.6032611790780917
212	215	4.0
212	17017	1.9602
212	1420	1.2470507897824
212	10253	1.882960298802
212	236	5.689960150017609
212	235	5.558126300035218
212	7438	1.524685428694207
212	12703	1.940598
212	230	3.7872344949672816
212	4838	1.8454893888558401
212	14335	1.449960671915707
212	25375	1.4068953899991383
212	3603	1.98
212	3597	1.92119202
212	9100	1.9019800997999998
212	3112	1.6032611790780917
212	1922	1.8087641500176088
212	15433	1.940598
212	246	1.9019800997999998
212	12432	1.98
212	7987	1.7374916255379564
215	274	1.7906765085174328
215	2622	1.6358138751944615
215	281	1.7906765085174328
215	3530	2.0
215	6382	1.882960298802
215	4629	1.6194557364425168
215	5064	1.6358138751944615
215	256	1.9019800997999998
215	257	3.7849403986019996
215	156	1.669027522900175
215	262	1.8641306958139798
215	11263	1.98
215	263	1.8641306958139798
215	212	4.0
215	266	1.8454893888558401
215	17382	0.7775678361484536
215	3619	1.524685428694207
215	3544	1.940598
215	1420	0.6755088017978039
215	18443	1.882960298802
215	236	3.749362150017609
215	235	3.749362150017609
215	22512	0.6755088017978039
215	22515	0.6755088017978039
215	3611	1.6194557364425168
215	230	3.8070344949672816
215	3564	1.8454893888558401
215	167	1.6858863867678535
215	3561	1.8454893888558401
215	3603	1.652337247671173
215	3597	1.669027522900175
215	189	1.882960298802
215	22499	0.9506800840114139
215	246	1.9019800997999998
215	3580	1.7550420459979357
215	3588	1.7374916255379564
215	3583	1.7374916255379564
215	182	1.882960298802
215	3576	1.7906765085174328
230	7829	1.669027522900175
230	274	1.8270344949672817
230	7535	1.6194557364425168
230	20335	1.652337247671173
230	1854	1.6358138751944615
230	281	3.6357986449848907
230	1570	1.7374916255379564
230	4146	1.7727697434322585
230	5841	1.8087641500176088
230	566	1.8641306958139798
230	256	3.881196
230	7814	1.7906765085174328
230	257	1.940598
230	21806	1.92119202
230	156	1.524685428694207
230	262	1.882960298802
230	263	3.784940398602
230	11260	4.0
230	212	3.7872344949672816
230	266	1.882960298802
230	215	3.8070344949672816
230	2395	1.6358138751944615
230	236	3.96
230	235	5.96
230	3252	1.8087641500176088
230	11684	1.98
230	167	1.5400862916103102
230	3597	1.940598
230	189	1.7201167092825769
230	21768	4.0
230	7841	1.6194557364425168
230	246	3.8425780998
230	3311	1.9019800997999998
230	182	1.7201167092825769
230	7850	1.5713562816144375
230	5988	1.8641306958139798
230	4974	1.98
235	274	1.8641306958139798
235	10164	1.882960298802
235	16661	2.0
235	7535	2.8568560619148453
235	37987	1.8454893888558401
235	10043	1.464606739308795
235	4529	1.8641306958139798
235	281	1.8454893888558401
235	3530	1.8641306958139798
235	5010	1.9602
235	24141	1.1165322770957273
235	4146	1.7550420459979357
235	5004	2.0
235	256	1.98
235	11257	1.7906765085174328
235	257	3.9402
235	156	1.5094385744072651
235	262	1.92119202
235	263	1.92119202
235	11260	2.0
235	5001	2.0
235	13360	1.9602
235	266	1.92119202
235	20478	1.0406810453006128
235	2178	1.702915542189751
235	2720	1.8454893888558401
235	18443	1.940598
235	3319	1.0406810453006128
235	6299	1.7906765085174328
235	1731	1.882960298802
235	11684	2.0
235	31476	1.652337247671173
235	6290	1.3379435171393605
235	167	1.524685428694207
235	10000	1.92119202
235	17919	3.1286200256567933
235	291	1.7550420459979357
235	16673	1.940598
235	16674	1.940598
235	189	1.702915542189751
235	16684	1.940598
235	11096	2.0
235	182	1.702915542189751
235	3440	1.940598
235	10466	1.449960671915707
235	31744	1.7550420459979357
235	68	1.8454893888558401
235	16996	1.7727697434322585
235	7350	1.940598
235	28843	1.0406810453006128
235	9145	1.324564081967967
235	14026	1.92119202
235	11350	1.8087641500176088
235	32478	1.4068953899991383
235	622	1.3379435171393605
235	21806	1.940598
235	6997	1.524685428694207
235	2115	1.4068953899991383
235	628	2.0
235	212	5.558126300035218
235	215	3.749362150017609
235	28728	1.8270344949672817
235	8223	1.5713562816144375
235	236	6.0
235	12703	1.98
235	230	5.96
235	4172	1.5400862916103102
235	25375	1.3514580981205662
235	4180	1.5094385744072651
235	3597	1.9602
235	28693	1.6358138751944615
235	1087	1.6194557364425168
235	5929	1.702915542189751
235	21768	1.98
235	246	1.98
235	3513	1.4068953899991383
235	4974	3.9602000000000004
235	7987	1.5713562816144375
236	274	1.8641306958139798
236	281	1.8454893888558401
236	25253	1.524685428694207
236	7814	1.8087641500176088
236	5004	4.0
236	256	1.98
236	257	1.98
236	4631	1.392826436099147
236	156	1.4943441886631925
236	262	1.92119202
236	263	1.92119202
236	5001	2.0
236	212	5.689960150017609
236	266	1.92119202
236	25387	1.2470507897824
236	215	3.749362150017609
236	25269	1.2596472624064645
236	235	6.0
236	20686	1.22223447906573
236	7856	1.5713562816144375
236	230	3.96
236	18735	1.1165322770957273
236	167	1.524685428694207
236	291	1.5872285672873108
236	27278	1.8454893888558401
236	16674	1.882960298802
236	189	1.6858863867678535
236	246	1.98
236	182	1.6858863867678535
236	4974	2.0
246	274	1.9019800997999998
246	7535	1.702915542189751
246	2305	0.9506800840114139
246	20335	1.7550420459979357
246	281	1.882960298802
246	8867	1.0618110859102263
246	4146	1.882960298802
246	256	3.9602000000000004
246	5004	1.882960298802
246	257	2.0
246	262	1.9602
246	263	3.9602
246	1712	1.5400862916103102
246	11260	1.9019800997999998
246	212	1.9019800997999998
246	266	3.9204
246	215	1.9019800997999998
246	236	1.98
246	235	1.98
246	3252	1.92119202
246	230	3.8425780998
246	5929	0.2281560706531524
246	16674	2.0
246	21768	1.882960298802
246	21826	2.0
256	274	2.232905291129469
256	16931	1.8087641500176088
256	7535	1.669027522900175
256	20335	1.702915542189751
256	337	0.02550964712181307
256	11419	1.8087641500176088
256	281	2.142960987872011
256	742	1.92119202
256	4146	1.8270344949672817
256	257	4.0
256	262	3.3956610651965495
256	11263	2.0
256	263	5.02576695432477
256	11260	1.940598
256	25142	1.7374916255379564
256	334	0.028779425208852967
256	212	1.9019800997999998
256	266	2.6090910597268513
256	3620	1.8270344949672817
256	215	1.9019800997999998
256	3619	1.8270344949672817
256	28729	1.5872285672873108
256	18443	1.9602
256	304	0.07477193660062548
256	236	1.98
256	235	1.98
256	6707	1.92119202
256	3252	1.8641306958139798
256	230	3.881196
256	20676	1.7374916255379564
256	318	0.04662220129568476
256	25175	1.6358138751944615
256	25345	1.8087641500176088
256	3112	1.4943441886631925
256	291	0.2191658111266963
256	25169	1.7374916255379564
256	21768	1.940598
256	246	3.9602000000000004
256	12049	1.4943441886631925
256	3576	1.8087641500176088
256	303	0.07706071695490305
257	274	2.232905291129469
257	16661	1.940598
257	10164	1.92119202
257	337	0.02550964712181307
257	281	2.142960987872011
257	3530	1.9019800997999998
257	5010	1.92119202
257	6382	2.0
257	256	4.0
257	262	3.3956610651965495
257	263	3.0655669543247703
257	334	0.028779425208852967
257	212	3.8621800997999998
257	266	2.6090910597268513
257	13360	1.92119202
257	215	3.7849403986019996
257	6365	1.7727697434322585
257	304	0.07477193660062548
257	236	1.98
257	235	3.9402
257	6707	2.0
257	230	1.940598
257	10000	1.9602
257	318	0.04662220129568476
257	14244	1.98
257	291	0.2191658111266963
257	16673	1.98
257	16674	1.98
257	246	2.0
257	16684	1.98
257	1752	1.98
257	303	0.07706071695490305
262	274	2.401669636637052
262	5555	1.98
262	7535	1.5400862916103102
262	4750	1.6194557364425168
262	337	0.03554209548458937
262	4192	1.449960671915707
262	281	2.30285190625194
262	5010	1.9019800997999998
262	256	3.3956610651965495
262	21806	1.940598
262	257	3.3956610651965495
262	263	5.52008629161031
262	2115	1.9602
262	334	0.04009781373612158
262	212	3.82548938885584
262	266	2.904087300532951
262	20478	1.0943132847815225
262	215	1.8641306958139798
262	3275	0.05155144333796187
262	21321	0.43408979334561515
262	1420	1.2596472624064645
262	304	0.10417828586717866
262	236	1.92119202
262	235	1.92119202
262	7438	1.5400862916103102
262	12703	1.92119202
262	3611	1.7374916255379564
262	6302	0.036263743989990174
262	6000	1.6194557364425168
262	4172	1.5400862916103102
262	230	1.882960298802
262	5191	1.7550420459979357
262	25375	1.4211064545445842
262	318	0.06495780683442089
262	3112	3.4835864322564967
262	291	0.30535946455181234
262	3298	1.98
262	16674	2.0
262	15433	1.92119202
262	10742	1.5094385744072651
262	246	1.9602
262	14312	1.8641306958139798
262	303	0.10736719904604525
262	12436	1.5094385744072651
263	274	2.5393587826246624
263	7535	1.702915542189751
263	20335	3.5820765409652173
263	5982	1.7201167092825769
263	337	0.04662220129568476
263	281	2.4110312584808202
263	10268	1.7906765085174328
263	4146	1.882960298802
263	256	5.02576695432477
263	257	3.0655669543247703
263	28857	1.8641306958139798
263	262	5.52008629161031
263	16605	1.6358138751944615
263	11260	1.9019800997999998
263	2797	1.7727697434322585
263	334	0.05207216498784027
263	212	1.8454893888558401
263	266	5.17407356387497
263	2448	1.6358138751944615
263	215	1.8641306958139798
263	3619	1.6358138751944615
263	5855	1.7727697434322585
263	304	0.1352888944401292
263	236	1.92119202
263	235	1.92119202
263	22512	0.6109180518566092
263	3252	1.92119202
263	11684	1.882960298802
263	4172	1.524685428694207
263	230	3.784940398602
263	318	0.08520814275775296
263	3597	1.7201167092825769
263	291	0.3965485131778288
263	3298	1.940598
263	16674	1.98
263	21768	3.765920597604
263	7841	1.6858863867678535
263	10742	1.4794007467765604
263	246	3.9602
263	7850	1.6858863867678535
263	5988	1.8270344949672817
263	303	0.14083849301032306
263	12436	1.4794007467765604
266	274	2.9605694924991304
266	608	1.882960298802
266	1975	1.5872285672873108
266	2305	1.5094385744072651
266	337	0.07941955722401348
266	2315	1.3514580981205662
266	281	2.741967305903081
266	2323	1.3113184411482872
266	5004	1.8454893888558401
266	256	2.6090910597268513
266	257	2.6090910597268513
266	262	2.904087300532951
266	263	5.17407356387497
266	2797	1.7727697434322585
266	1712	1.6358138751944615
266	334	0.08959940513227546
266	212	1.8454893888558401
266	2329	1.2470507897824
266	215	1.8454893888558401
266	2335	1.2100121342750727
266	5855	1.7727697434322585
266	304	0.23046067742742668
266	236	1.92119202
266	2339	1.150709499953857
266	235	1.92119202
266	22512	0.6109180518566092
266	2299	1.6358138751944615
266	11684	1.882960298802
266	230	1.882960298802
266	2293	1.669027522900175
266	2288	1.8641306958139798
266	318	0.14514958070689865
266	2287	1.882960298802
266	291	0.6823321230280849
266	16674	1.940598
266	2281	1.8641306958139798
266	21768	1.882960298802
266	7841	1.6858863867678535
266	246	3.9204
266	21826	1.98
266	7850	1.6858863867678535
266	303	0.23991425638695574
274	3825	1.98
274	281	3.587228567287311
274	13018	1.464606739308795
274	256	2.232905291129469
274	806	1.92119202
274	257	2.232905291129469
274	16944	1.9602
274	262	2.401669636637052
274	263	2.5393587826246624
274	266	2.9605694924991304
274	30225	1.1740735638749689
274	18443	1.8454893888558401
274	304	0.45646092027068136
274	17906	1.555642718798293
274	6299	1.98
274	13865	1.9602
274	6707	1.92119202
274	3564	1.92119202
274	13312	0.14959263145370516
274	6290	0.20223408941715063
274	318	0.28461497556417714
274	9161	1.2723709721277419
274	291	1.3379435171393605
274	2358	1.3788981717381557
274	303	0.4704332584808202
274	9150	1.2723709721277419
274	5081	1.9019800997999998
274	337	0.1557289744038237
274	26621	1.3514580981205662
274	21067	1.2852232041694363
274	12473	0.1654086647529462
274	334	0.17569001838029674
274	212	3.7118685285174324
274	17382	0.9224439348361909
274	215	1.7906765085174328
274	3077	1.882960298802
274	1963	1.882960298802
274	236	1.8641306958139798
274	235	1.8641306958139798
274	8976	0.9411732831712998
274	17366	1.8270344949672817
274	1950	1.0199714924991305
274	6077	0.34105486177917277
274	230	1.8270344949672817
274	7974	1.4794007467765604
274	382	0.18474432871171592
274	14335	1.5094385744072651
274	589	1.150709499953857
274	19747	2.0
274	5929	1.5094385744072651
274	1087	1.8270344949672817
274	5928	1.92119202
274	1922	1.882960298802
274	246	1.9019800997999998
274	607	1.882960298802
281	7829	1.8454893888558401
281	274	3.587228567287311
281	1854	1.8270344949672817
281	337	0.1982096310377493
281	1570	1.92119202
281	14578	0.9896773192004139
281	24141	1.940598
281	28784	0.9224439348361909
281	5841	2.0
281	566	1.940598
281	256	2.142960987872011
281	7814	2.0
281	257	2.142960987872011
281	262	2.30285190625194
281	263	2.4110312584808202
281	5001	1.8270344949672817
281	334	0.22361576484715467
281	11334	2.0
281	212	1.7906765085174328
281	266	2.741967305903081
281	215	1.7906765085174328
281	2395	1.8270344949672817
281	304	0.5751672187337282
281	236	1.8454893888558401
281	235	1.8454893888558401
281	3611	1.882960298802
281	25366	1.7906765085174328
281	230	3.6357986449848907
281	1261	1.98
281	3189	1.98
281	3561	1.9019800997999998
281	318	0.3622539062519404
281	5387	1.9602
281	6349	1.9602
281	3112	1.8270344949672817
281	291	1.702915542189751
281	4724	1.3514580981205662
281	7841	1.7906765085174328
281	16684	1.882960298802
281	246	1.882960298802
281	3311	1.92119202
281	14312	1.7906765085174328
281	7850	1.7550420459979357
281	21055	0.6823321230280849
281	5988	1.940598
281	5920	1.3788981717381557
281	28767	1.6194557364425168
281	303	0.5987607826246626
291	274	1.3379435171393605
291	7535	1.6194557364425168
291	10043	1.669027522900175
291	281	1.702915542189751
291	256	0.2191658111266963
291	257	0.2191658111266963
291	4631	1.7727697434322585
291	262	0.30535946455181234
291	263	0.3965485131778288
291	266	0.6823321230280849
291	4638	1.98
291	2178	1.9019800997999998
291	18443	1.8270344949672817
291	304	0.6823321230280849
291	6299	3.54008629161031
291	6302	1.6032611790780917
291	31476	1.882960298802
291	6290	1.5400862916103102
291	318	0.429748895412159
291	17919	3.0341240031014722
291	3302	1.8641306958139798
291	16674	1.702915542189751
291	31750	1.882960298802
291	11096	1.7550420459979357
291	303	0.710321629410146
291	11438	2.0
291	31744	3.9602
291	7350	1.8087641500176088
291	337	0.23513996268485532
291	4192	1.8641306958139798
291	9145	1.524685428694207
291	14026	1.8270344949672817
291	32478	1.6194557364425168
291	622	1.5400862916103102
291	25253	1.940598
291	7814	1.7727697434322585
291	26595	1.7374916255379564
291	16605	2.0
291	2115	1.6194557364425168
291	628	1.7550420459979357
291	6997	1.7550420459979357
291	334	0.2652797562187642
291	212	1.9602
291	25387	1.5713562816144375
291	8223	1.7906765085174328
291	14148	1.8087641500176088
291	25269	1.6032611790780917
291	17017	1.9602
291	6365	1.162332828236219
291	6230	1.3788981717381557
291	236	1.5872285672873108
291	235	1.7550420459979357
291	20686	1.555642718798293
291	17366	1.7374916255379564
291	6359	1.1859328928029989
291	6348	1.2982052567368043
291	25345	2.0
291	6349	1.2982052567368043
291	27278	1.7201167092825769
291	5823	1.392826436099147
291	24098	1.98
291	7987	1.7906765085174328
303	274	0.4704332584808202
303	3827	1.940598
303	5982	1.5872285672873108
303	17605	3.4751587552805123
303	3520	2.033851590922756
303	281	0.5987607826246626
303	3530	1.7374916255379564
303	5720	1.4211064545445842
303	256	0.07706071695490305
303	10028	0.42119689239345703
303	257	0.07706071695490305
303	807	3.288151122865635
303	262	0.10736719904604525
303	263	0.14083849301032306
303	13851	1.98
303	266	0.23991425638695574
303	10983	2.0
303	304	3.8235582988020003
303	6536	1.8087641500176088
303	17906	1.7906765085174328
303	1406	1.5094385744072651
303	4041	1.464606739308795
303	4920	1.8087641500176088
303	3561	1.8641306958139798
303	10000	1.324564081967967
303	6007	1.652337247671173
303	17919	1.7727697434322585
303	318	2.689412881051633
303	4044	1.7374916255379564
303	291	0.710321629410146
303	5448	1.197912012932322
303	11918	1.8641306958139798
303	1376	0.9896773192004139
303	337	1.8479990694450263
303	4948	1.7201167092825769
303	618	2.8565675197411338
303	349	0.563721391080927
303	20023	1.669027522900175
303	1303	1.524685428694207
303	20261	1.2982052567368043
303	3475	1.555642718798293
303	5177	1.6194557364425168
303	334	1.956940695183611
303	12587	0.9506800840114139
303	9302	1.7906765085174328
303	6849	1.7906765085174328
303	4460	0.3622539062519404
303	1830	1.4211064545445842
303	30766	1.7201167092825769
303	14148	2.0
303	8089	2.7303562698587216
303	10426	1.7906765085174328
303	7148	1.7550420459979357
303	7149	1.7201167092825769
303	382	0.16211703232436256
303	2293	1.8454893888558401
303	18329	1.464606739308795
303	16126	1.7906765085174328
303	378	0.17569001838029674
303	358	0.38477062578793414
303	23409	1.8641306958139798
303	3513	2.4816310716669756
303	17597	1.7727697434322585
303	3516	1.3113184411482872
303	363	0.2874898743072496
303	4264	1.7727697434322585
303	2613	1.524685428694207
303	16396	1.92119202
303	13264	1.7906765085174328
303	11115	0.8950464275276212
303	12071	2.6496633548573705
303	2622	1.5713562816144375
303	2315	0.37334255343140665
303	11525	2.0
303	6682	1.940598
303	156	3.527811789430194
303	8651	1.9019800997999998
303	27790	1.4211064545445842
303	12083	1.6358138751944615
303	390	0.10845171620812652
303	389	0.12483710955964816
303	2339	0.9797805460084098
303	6130	1.524685428694207
303	4778	1.940598
303	9870	1.22223447906573
303	2590	1.652337247671173
303	11089	1.4794007467765604
303	8445	1.5400862916103102
303	12745	3.1152405904853997
303	1753	1.7374916255379564
303	6123	1.464606739308795
303	2569	1.9019800997999998
303	12456	0.5307324994954107
303	3642	1.7374916255379564
303	23021	0.3622539062519404
303	2921	1.882960298802
303	23981	1.9019800997999998
303	10269	1.669027522900175
303	6040	0.4704332584808202
303	212	2.0
303	4342	1.4211064545445842
303	1966	0.30535946455181234
303	17019	1.7374916255379564
303	7680	1.652337247671173
303	17928	3.4751587552805123
303	2642	1.4211064545445842
303	13506	1.2912932088564342
303	12703	1.882960298802
303	17920	1.7727697434322585
303	7974	3.855799433033982
303	1947	1.6858863867678535
303	7728	2.0
303	3603	1.7727697434322585
303	22981	1.4794007467765604
303	15710	0.7697921577869691
303	1922	3.8039601995999996
303	12437	1.6358138751944615
304	10701	1.7906765085174328
304	274	0.45646092027068136
304	10164	2.0
304	6808	1.6032611790780917
304	12071	1.882960298802
304	281	0.5751672187337282
304	6681	1.92119202
304	6682	1.9019800997999998
304	22947	1.7374916255379564
304	256	0.07477193660062548
304	257	0.07477193660062548
304	262	0.10417828586717866
304	263	0.1352888944401292
304	2592	1.9019800997999998
304	4391	1.7906765085174328
304	266	0.23046067742742668
304	10439	1.7550420459979357
304	571	1.9602
304	10860	1.882960298802
304	390	0.11519278051388232
304	389	2.1339360054957277
304	12355	1.940598
304	4041	1.652337247671173
304	318	2.831003544020902
304	4044	1.6194557364425168
304	11909	1.92119202
304	291	0.6823321230280849
304	11918	1.882960298802
304	303	3.8235582988020003
304	3459	1.6858863867678535
304	7947	2.0
304	7350	1.92119202
304	11903	1.9602
304	337	1.961595338822777
304	7457	1.234580281884576
304	349	0.6048088713380431
304	11891	1.98
304	11584	5.882960298802
304	2252	1.8641306958139798
304	5177	1.940598
304	12341	2.0
304	334	2.0627910403178897
304	4342	1.92119202
304	10255	1.5094385744072651
304	14045	1.7374916255379564
304	382	0.1721937870145288
304	3603	1.98
304	378	0.1866104330421373
304	4837	2.0
304	358	0.4128150742348272
304	2281	1.9019800997999998
304	4416	1.940598
304	607	1.940598
304	363	0.30844390358768925
318	274	0.28461497556417714
318	1915	1.8641306958139798
318	23433	1.9602
318	281	0.3622539062519404
318	12666	1.392826436099147
318	22947	1.2982052567368043
318	14915	2.0
318	256	0.04662220129568476
318	4767	1.8641306958139798
318	257	0.04662220129568476
318	262	0.06495780683442089
318	263	0.08520814275775296
318	23453	1.8641306958139798
318	266	0.14514958070689865
318	23443	1.940598
318	10858	1.1740735638749689
318	573	0.8013693059030811
318	571	1.92119202
318	390	0.14809670513916812
318	389	0.1704718491443835
318	304	2.831003544020902
318	6951	1.882960298802
318	4778	0.9797805460084098
318	6290	1.98
318	1271	1.392826436099147
318	291	0.429748895412159
318	4116	1.7906765085174328
318	5448	1.7727697434322585
318	3445	0.9896773192004139
318	3446	1.9019800997999998
318	7369	1.940598
318	10736	1.669027522900175
318	303	2.689412881051633
318	7346	2.0
318	1973	1.9019800997999998
318	5437	1.1740735638749689
318	7350	2.0
318	337	2.724822690767287
318	3089	1.98
318	349	0.7697921577869691
318	3896	1.7727697434322585
318	1293	2.9950042224979887
318	334	2.886917529555749
318	4460	0.8013693059030811
318	7336	1.940598
318	3075	2.0
318	14045	1.8641306958139798
318	20279	1.882960298802
318	1341	1.940598
318	1950	1.7906765085174328
318	382	0.22137960719868313
318	8835	1.8270344949672817
318	2655	3.2809504540523897
318	7728	2.0
318	11138	0.1299579721964993
318	378	0.23751511382308618
318	5264	1.22223447906573
318	358	0.5254251745004566
318	23409	1.9019800997999998
318	11161	3.0199714924991303
318	31271	1.6358138751944615
318	2752	1.9019800997999998
318	23422	2.0
318	4428	1.524685428694207
318	363	0.39258302804605055
334	11243	1.4068953899991383
334	274	0.17569001838029674
334	3525	0.46107163663705186
334	10043	0.859778027047787
334	14822	1.4211064545445842
334	281	0.22361576484715467
334	17880	1.5872285672873108
334	15298	1.324564081967967
334	15550	1.3788981717381557
334	256	0.028779425208852967
334	257	0.028779425208852967
334	564	0.8094639453566475
334	12781	2.0
334	262	0.04009781373612158
334	263	0.05207216498784027
334	11936	1.2982052567368043
334	266	0.08959940513227546
334	11130	1.324564081967967
334	8019	1.3113184411482872
334	11248	1.9602
334	2178	0.9411732831712998
334	2335	1.7727697434322585
334	4397	1.7727697434322585
334	390	0.17925723740464924
334	15533	1.2982052567368043
334	389	0.20842450565975087
334	304	2.0627910403178897
334	15504	0.8950464275276212
334	4919	0.32109638222179293
334	6013	1.2982052567368043
334	15514	1.07253645041437
334	6834	1.8454893888558401
334	13590	1.464606739308795
334	318	2.886917529555749
334	8445	0.7032184131160445
334	4114	1.150709499953857
334	291	0.2652797562187642
334	12917	1.324564081967967
334	5328	0.6892243666950352
334	9995	0.7620942362090994
334	5448	0.6048088713380431
334	6121	1.7374916255379564
334	1376	1.4068953899991383
334	303	1.956940695183611
334	6035	1.4337638531440131
334	6033	1.2982052567368043
334	337	3.770676508517433
334	7216	1.882960298802
334	349	0.9411732831712998
334	17820	0.46107163663705186
334	19473	0.4046000542575542
334	12473	1.234580281884576
334	26238	0.3965485131778288
334	14651	1.7727697434322585
334	1966	0.8772350036198215
334	22758	1.162332828236219
334	8981	1.2982052567368043
334	23580	0.6048088713380431
334	10427	2.0
334	382	0.26795934971592344
334	9104	0.9317615503395869
334	12102	1.7727697434322585
334	378	0.29039381243156526
334	8241	1.392826436099147
334	5264	1.8454893888558401
334	358	0.6424021491295828
334	13229	1.7727697434322585
334	363	1.4117465095078556
337	12456	1.5872285672873108
337	11243	1.162332828236219
337	8011	0.9411732831712998
337	274	0.1557289744038237
337	11182	1.0833701519337071
337	3525	1.1859328928029989
337	29526	1.5872285672873108
337	7535	0.6170889412693021
337	3825	0.8258993422677763
337	7947	1.6194557364425168
337	281	0.1982096310377493
337	349	1.9400634591512522
337	8076	0.6620661766420277
337	1976	0.6488910597268513
337	14458	0.7544732938470083
337	19249	0.7544732938470083
337	256	0.02550964712181307
337	257	0.02550964712181307
337	262	0.03554209548458937
337	263	0.04662220129568476
337	266	0.07941955722401348
337	334	3.770676508517433
337	12890	0.563721391080927
337	1830	1.0833701519337071
337	12889	0.563721391080927
337	390	0.18289688542459875
337	10315	0.6554455148756074
337	8089	1.127810380904775
337	389	0.2126563673704223
337	4276	1.92119202
337	304	1.961595338822777
337	1950	0.7544732938470083
337	25489	0.8094639453566475
337	7974	1.234580281884576
337	382	0.273400009913196
337	4838	0.5149692135278975
337	10000	0.6109180518566092
337	378	0.29628998309515897
337	318	2.724822690767287
337	5264	1.162332828236219
337	358	0.6554455148756074
337	4114	1.051192975051124
337	291	0.23513996268485532
337	12917	0.859778027047787
337	5448	1.3788981717381557
337	12049	1.0618110859102263
337	303	1.8479990694450263
337	363	1.4309038812411587
349	11104	1.127810380904775
349	7535	1.2723709721277419
349	3825	1.702915542189751
349	2848	0.6554455148756074
349	7947	1.2100121342750727
349	337	1.9400634591512522
349	8928	0.696186228984884
349	8076	1.365109190020774
349	12512	0.5098195213926185
349	1976	1.3379435171393605
349	14816	0.8950464275276212
349	4594	0.4704332584808202
349	12473	1.5400862916103102
349	8889	0.5307324994954107
349	334	0.9411732831712998
349	12890	1.162332828236219
349	12464	0.886095963252345
349	12889	1.162332828236219
349	390	0.38477062578793414
349	10315	1.3514580981205662
349	389	0.4473773479572948
349	2002	0.5868454430504318
349	304	0.6048088713380431
349	1950	1.555642718798293
349	9727	0.7469285609085383
349	3189	1.2596472624064645
349	2293	0.13259664544077066
349	12485	1.669027522900175
349	382	1.7029775996385033
349	9104	0.696186228984884
